{
 "cells": [
  {
   "cell_type": "code",
   "execution_count": 68,
   "metadata": {},
   "outputs": [],
   "source": [
    "import pandas"
   ]
  },
  {
   "cell_type": "code",
   "execution_count": 69,
   "metadata": {},
   "outputs": [],
   "source": [
    "df_en = pandas.read_csv(\"/scratch/project_2009498/dippa/zeroshot/results/en/test/en.tsv\", sep=\",\")\n",
    "df_fi = pandas.read_csv(\"/scratch/project_2009498/dippa/zeroshot/results/fi/test/fi.tsv\", sep=\",\")\n",
    "df_es = pandas.read_csv(\"/scratch/project_2009498/dippa/zeroshot/results/es/test/es.tsv\", sep=\",\")"
   ]
  },
  {
   "cell_type": "code",
   "execution_count": 70,
   "metadata": {},
   "outputs": [
    {
     "data": {
      "text/html": [
       "<div>\n",
       "<style scoped>\n",
       "    .dataframe tbody tr th:only-of-type {\n",
       "        vertical-align: middle;\n",
       "    }\n",
       "\n",
       "    .dataframe tbody tr th {\n",
       "        vertical-align: top;\n",
       "    }\n",
       "\n",
       "    .dataframe thead th {\n",
       "        text-align: right;\n",
       "    }\n",
       "</style>\n",
       "<table border=\"1\" class=\"dataframe\">\n",
       "  <thead>\n",
       "    <tr style=\"text-align: right;\">\n",
       "      <th></th>\n",
       "      <th>Language</th>\n",
       "      <th>model</th>\n",
       "      <th>Accuracy</th>\n",
       "      <th>F1</th>\n",
       "      <th>Recall</th>\n",
       "      <th>Precision</th>\n",
       "      <th>PR-ACU</th>\n",
       "      <th>ROC-AUC</th>\n",
       "    </tr>\n",
       "  </thead>\n",
       "  <tbody>\n",
       "    <tr>\n",
       "      <th>0</th>\n",
       "      <td>en</td>\n",
       "      <td>pubmed-bert</td>\n",
       "      <td>0.8850187552629565</td>\n",
       "      <td>0.5846238938053098</td>\n",
       "      <td>0.5679742074153681</td>\n",
       "      <td>0.6022792022792023</td>\n",
       "      <td>0.5972286285680455</td>\n",
       "      <td>0.8573252444653461</td>\n",
       "    </tr>\n",
       "    <tr>\n",
       "      <th>2</th>\n",
       "      <td>en</td>\n",
       "      <td>cambridgeltl</td>\n",
       "      <td>0.4465632858340319</td>\n",
       "      <td>0.17417135709818637</td>\n",
       "      <td>0.5778008298755186</td>\n",
       "      <td>0.10254050073637702</td>\n",
       "      <td>0.10790235876468883</td>\n",
       "      <td>0.5057523044037566</td>\n",
       "    </tr>\n",
       "    <tr>\n",
       "      <th>4</th>\n",
       "      <td>en</td>\n",
       "      <td>xlm-roberta-base</td>\n",
       "      <td>0.8182103939647947</td>\n",
       "      <td>0.212437585111212</td>\n",
       "      <td>0.24273858921161826</td>\n",
       "      <td>0.18886198547215496</td>\n",
       "      <td>0.15879117383036168</td>\n",
       "      <td>0.6531464904390215</td>\n",
       "    </tr>\n",
       "    <tr>\n",
       "      <th>6</th>\n",
       "      <td>en</td>\n",
       "      <td>bioclin-bert</td>\n",
       "      <td>0.8227504683160003</td>\n",
       "      <td>0.47047472018525666</td>\n",
       "      <td>0.5609756097560976</td>\n",
       "      <td>0.4051179793951479</td>\n",
       "      <td>0.3806277828828739</td>\n",
       "      <td>0.8009535593467441</td>\n",
       "    </tr>\n",
       "    <tr>\n",
       "      <th>8</th>\n",
       "      <td>en</td>\n",
       "      <td>biomed-roberta</td>\n",
       "      <td>0.7403872375238615</td>\n",
       "      <td>0.39593908629441626</td>\n",
       "      <td>0.6842105263157895</td>\n",
       "      <td>0.2785714285714286</td>\n",
       "      <td>0.26363957007273386</td>\n",
       "      <td>0.7630152629461773</td>\n",
       "    </tr>\n",
       "    <tr>\n",
       "      <th>10</th>\n",
       "      <td>en</td>\n",
       "      <td>dilbert</td>\n",
       "      <td>0.8654856157403779</td>\n",
       "      <td>0.569493226292022</td>\n",
       "      <td>0.5859576664945793</td>\n",
       "      <td>0.5539287457296243</td>\n",
       "      <td>0.4602781381509875</td>\n",
       "      <td>0.7550727061398947</td>\n",
       "    </tr>\n",
       "    <tr>\n",
       "      <th>12</th>\n",
       "      <td>en</td>\n",
       "      <td>bert-en</td>\n",
       "      <td>0.527806925498426</td>\n",
       "      <td>0.27913496195434523</td>\n",
       "      <td>0.7332982640715413</td>\n",
       "      <td>0.17237541733646594</td>\n",
       "      <td>0.16902580714752757</td>\n",
       "      <td>0.6478152043024915</td>\n",
       "    </tr>\n",
       "    <tr>\n",
       "      <th>0</th>\n",
       "      <td>fi</td>\n",
       "      <td>bert-fi</td>\n",
       "      <td>0.6735543119529345</td>\n",
       "      <td>0.30300245098039214</td>\n",
       "      <td>0.5603399433427763</td>\n",
       "      <td>0.2076422422842746</td>\n",
       "      <td>0.18477289679272124</td>\n",
       "      <td>0.6735464568988768</td>\n",
       "    </tr>\n",
       "    <tr>\n",
       "      <th>2</th>\n",
       "      <td>fi</td>\n",
       "      <td>xlm-roberta-base</td>\n",
       "      <td>0.2593227254181967</td>\n",
       "      <td>0.17384181305178847</td>\n",
       "      <td>0.880184331797235</td>\n",
       "      <td>0.09644516259341547</td>\n",
       "      <td>0.0886232775400939</td>\n",
       "      <td>0.524601405179278</td>\n",
       "    </tr>\n",
       "    <tr>\n",
       "      <th>4</th>\n",
       "      <td>fi</td>\n",
       "      <td>cambridgeltl</td>\n",
       "      <td>0.08853529171766626</td>\n",
       "      <td>0.16266866566716642</td>\n",
       "      <td>1.0</td>\n",
       "      <td>0.08853529171766626</td>\n",
       "      <td>0.07742880810145686</td>\n",
       "      <td>0.44436117150530763</td>\n",
       "    </tr>\n",
       "    <tr>\n",
       "      <th>0</th>\n",
       "      <td>es</td>\n",
       "      <td>cambridgeltl</td>\n",
       "      <td>0.08258096579143544</td>\n",
       "      <td>0.15243342516069788</td>\n",
       "      <td>0.9979959919839679</td>\n",
       "      <td>0.08251864125932062</td>\n",
       "      <td>0.08316393222554751</td>\n",
       "      <td>0.48707279118055524</td>\n",
       "    </tr>\n",
       "    <tr>\n",
       "      <th>2</th>\n",
       "      <td>es</td>\n",
       "      <td>bert-es</td>\n",
       "      <td>0.658869847151459</td>\n",
       "      <td>0.32626924836103066</td>\n",
       "      <td>0.6540342298288508</td>\n",
       "      <td>0.21734714604915703</td>\n",
       "      <td>0.25796273372199585</td>\n",
       "      <td>0.7181523222199226</td>\n",
       "    </tr>\n",
       "    <tr>\n",
       "      <th>4</th>\n",
       "      <td>es</td>\n",
       "      <td>xlm-roberta-base</td>\n",
       "      <td>0.40437339517932575</td>\n",
       "      <td>0.18013909474404285</td>\n",
       "      <td>0.7915831663326653</td>\n",
       "      <td>0.10163386080020584</td>\n",
       "      <td>0.10565083676165751</td>\n",
       "      <td>0.5880403244412075</td>\n",
       "    </tr>\n",
       "  </tbody>\n",
       "</table>\n",
       "</div>"
      ],
      "text/plain": [
       "   Language              model              Accuracy                    F1  \\\n",
       "0        en        pubmed-bert    0.8850187552629565    0.5846238938053098   \n",
       "2        en       cambridgeltl    0.4465632858340319   0.17417135709818637   \n",
       "4        en   xlm-roberta-base    0.8182103939647947     0.212437585111212   \n",
       "6        en       bioclin-bert    0.8227504683160003   0.47047472018525666   \n",
       "8        en     biomed-roberta    0.7403872375238615   0.39593908629441626   \n",
       "10       en            dilbert    0.8654856157403779     0.569493226292022   \n",
       "12       en            bert-en     0.527806925498426   0.27913496195434523   \n",
       "0        fi            bert-fi    0.6735543119529345   0.30300245098039214   \n",
       "2        fi   xlm-roberta-base    0.2593227254181967   0.17384181305178847   \n",
       "4        fi       cambridgeltl   0.08853529171766626   0.16266866566716642   \n",
       "0        es       cambridgeltl   0.08258096579143544   0.15243342516069788   \n",
       "2        es            bert-es     0.658869847151459   0.32626924836103066   \n",
       "4        es   xlm-roberta-base   0.40437339517932575   0.18013909474404285   \n",
       "\n",
       "                  Recall             Precision                PR-ACU   \\\n",
       "0     0.5679742074153681    0.6022792022792023    0.5972286285680455    \n",
       "2     0.5778008298755186   0.10254050073637702   0.10790235876468883    \n",
       "4    0.24273858921161826   0.18886198547215496   0.15879117383036168    \n",
       "6     0.5609756097560976    0.4051179793951479    0.3806277828828739    \n",
       "8     0.6842105263157895    0.2785714285714286   0.26363957007273386    \n",
       "10    0.5859576664945793    0.5539287457296243    0.4602781381509875    \n",
       "12    0.7332982640715413   0.17237541733646594   0.16902580714752757    \n",
       "0     0.5603399433427763    0.2076422422842746   0.18477289679272124    \n",
       "2      0.880184331797235   0.09644516259341547    0.0886232775400939    \n",
       "4                    1.0   0.08853529171766626   0.07742880810145686    \n",
       "0     0.9979959919839679   0.08251864125932062   0.08316393222554751    \n",
       "2     0.6540342298288508   0.21734714604915703   0.25796273372199585    \n",
       "4     0.7915831663326653   0.10163386080020584   0.10565083676165751    \n",
       "\n",
       "                 ROC-AUC  \n",
       "0     0.8573252444653461  \n",
       "2     0.5057523044037566  \n",
       "4     0.6531464904390215  \n",
       "6     0.8009535593467441  \n",
       "8     0.7630152629461773  \n",
       "10    0.7550727061398947  \n",
       "12    0.6478152043024915  \n",
       "0     0.6735464568988768  \n",
       "2      0.524601405179278  \n",
       "4    0.44436117150530763  \n",
       "0    0.48707279118055524  \n",
       "2     0.7181523222199226  \n",
       "4     0.5880403244412075  "
      ]
     },
     "metadata": {},
     "output_type": "display_data"
    },
    {
     "name": "stdout",
     "output_type": "stream",
     "text": [
      "Index(['Language', ' model', ' Accuracy', ' F1', ' Recall', ' Precision',\n",
      "       ' PR-ACU ', ' ROC-AUC'],\n",
      "      dtype='object')\n"
     ]
    },
    {
     "data": {
      "text/html": [
       "<div>\n",
       "<style scoped>\n",
       "    .dataframe tbody tr th:only-of-type {\n",
       "        vertical-align: middle;\n",
       "    }\n",
       "\n",
       "    .dataframe tbody tr th {\n",
       "        vertical-align: top;\n",
       "    }\n",
       "\n",
       "    .dataframe thead th {\n",
       "        text-align: right;\n",
       "    }\n",
       "</style>\n",
       "<table border=\"1\" class=\"dataframe\">\n",
       "  <thead>\n",
       "    <tr style=\"text-align: right;\">\n",
       "      <th></th>\n",
       "      <th>Language</th>\n",
       "      <th>Model</th>\n",
       "      <th>Accuracy</th>\n",
       "      <th>F1</th>\n",
       "      <th>Recall</th>\n",
       "      <th>Precision</th>\n",
       "      <th>PR-ACU</th>\n",
       "      <th>ROC-AUC</th>\n",
       "    </tr>\n",
       "  </thead>\n",
       "  <tbody>\n",
       "    <tr>\n",
       "      <th>12</th>\n",
       "      <td>en</td>\n",
       "      <td>bert-en</td>\n",
       "      <td>0.527806925498426</td>\n",
       "      <td>0.27913496195434523</td>\n",
       "      <td>0.7332982640715413</td>\n",
       "      <td>0.17237541733646594</td>\n",
       "      <td>0.16902580714752757</td>\n",
       "      <td>0.6478152043024915</td>\n",
       "    </tr>\n",
       "    <tr>\n",
       "      <th>6</th>\n",
       "      <td>en</td>\n",
       "      <td>bioclin-bert</td>\n",
       "      <td>0.8227504683160003</td>\n",
       "      <td>0.47047472018525666</td>\n",
       "      <td>0.5609756097560976</td>\n",
       "      <td>0.4051179793951479</td>\n",
       "      <td>0.3806277828828739</td>\n",
       "      <td>0.8009535593467441</td>\n",
       "    </tr>\n",
       "    <tr>\n",
       "      <th>8</th>\n",
       "      <td>en</td>\n",
       "      <td>biomed-roberta</td>\n",
       "      <td>0.7403872375238615</td>\n",
       "      <td>0.39593908629441626</td>\n",
       "      <td>0.6842105263157895</td>\n",
       "      <td>0.2785714285714286</td>\n",
       "      <td>0.26363957007273386</td>\n",
       "      <td>0.7630152629461773</td>\n",
       "    </tr>\n",
       "    <tr>\n",
       "      <th>2</th>\n",
       "      <td>en</td>\n",
       "      <td>cambridgeltl</td>\n",
       "      <td>0.4465632858340319</td>\n",
       "      <td>0.17417135709818637</td>\n",
       "      <td>0.5778008298755186</td>\n",
       "      <td>0.10254050073637702</td>\n",
       "      <td>0.10790235876468883</td>\n",
       "      <td>0.5057523044037566</td>\n",
       "    </tr>\n",
       "    <tr>\n",
       "      <th>10</th>\n",
       "      <td>en</td>\n",
       "      <td>dilbert</td>\n",
       "      <td>0.8654856157403779</td>\n",
       "      <td>0.569493226292022</td>\n",
       "      <td>0.5859576664945793</td>\n",
       "      <td>0.5539287457296243</td>\n",
       "      <td>0.4602781381509875</td>\n",
       "      <td>0.7550727061398947</td>\n",
       "    </tr>\n",
       "    <tr>\n",
       "      <th>0</th>\n",
       "      <td>en</td>\n",
       "      <td>pubmed-bert</td>\n",
       "      <td>0.8850187552629565</td>\n",
       "      <td>0.5846238938053098</td>\n",
       "      <td>0.5679742074153681</td>\n",
       "      <td>0.6022792022792023</td>\n",
       "      <td>0.5972286285680455</td>\n",
       "      <td>0.8573252444653461</td>\n",
       "    </tr>\n",
       "    <tr>\n",
       "      <th>4</th>\n",
       "      <td>en</td>\n",
       "      <td>xlm-roberta-base</td>\n",
       "      <td>0.8182103939647947</td>\n",
       "      <td>0.212437585111212</td>\n",
       "      <td>0.24273858921161826</td>\n",
       "      <td>0.18886198547215496</td>\n",
       "      <td>0.15879117383036168</td>\n",
       "      <td>0.6531464904390215</td>\n",
       "    </tr>\n",
       "    <tr>\n",
       "      <th>2</th>\n",
       "      <td>es</td>\n",
       "      <td>bert-es</td>\n",
       "      <td>0.658869847151459</td>\n",
       "      <td>0.32626924836103066</td>\n",
       "      <td>0.6540342298288508</td>\n",
       "      <td>0.21734714604915703</td>\n",
       "      <td>0.25796273372199585</td>\n",
       "      <td>0.7181523222199226</td>\n",
       "    </tr>\n",
       "    <tr>\n",
       "      <th>0</th>\n",
       "      <td>es</td>\n",
       "      <td>cambridgeltl</td>\n",
       "      <td>0.08258096579143544</td>\n",
       "      <td>0.15243342516069788</td>\n",
       "      <td>0.9979959919839679</td>\n",
       "      <td>0.08251864125932062</td>\n",
       "      <td>0.08316393222554751</td>\n",
       "      <td>0.48707279118055524</td>\n",
       "    </tr>\n",
       "    <tr>\n",
       "      <th>4</th>\n",
       "      <td>es</td>\n",
       "      <td>xlm-roberta-base</td>\n",
       "      <td>0.40437339517932575</td>\n",
       "      <td>0.18013909474404285</td>\n",
       "      <td>0.7915831663326653</td>\n",
       "      <td>0.10163386080020584</td>\n",
       "      <td>0.10565083676165751</td>\n",
       "      <td>0.5880403244412075</td>\n",
       "    </tr>\n",
       "    <tr>\n",
       "      <th>0</th>\n",
       "      <td>fi</td>\n",
       "      <td>bert-fi</td>\n",
       "      <td>0.6735543119529345</td>\n",
       "      <td>0.30300245098039214</td>\n",
       "      <td>0.5603399433427763</td>\n",
       "      <td>0.2076422422842746</td>\n",
       "      <td>0.18477289679272124</td>\n",
       "      <td>0.6735464568988768</td>\n",
       "    </tr>\n",
       "    <tr>\n",
       "      <th>4</th>\n",
       "      <td>fi</td>\n",
       "      <td>cambridgeltl</td>\n",
       "      <td>0.08853529171766626</td>\n",
       "      <td>0.16266866566716642</td>\n",
       "      <td>1.0</td>\n",
       "      <td>0.08853529171766626</td>\n",
       "      <td>0.07742880810145686</td>\n",
       "      <td>0.44436117150530763</td>\n",
       "    </tr>\n",
       "    <tr>\n",
       "      <th>2</th>\n",
       "      <td>fi</td>\n",
       "      <td>xlm-roberta-base</td>\n",
       "      <td>0.2593227254181967</td>\n",
       "      <td>0.17384181305178847</td>\n",
       "      <td>0.880184331797235</td>\n",
       "      <td>0.09644516259341547</td>\n",
       "      <td>0.0886232775400939</td>\n",
       "      <td>0.524601405179278</td>\n",
       "    </tr>\n",
       "  </tbody>\n",
       "</table>\n",
       "</div>"
      ],
      "text/plain": [
       "   Language              Model              Accuracy                    F1  \\\n",
       "12       en            bert-en     0.527806925498426   0.27913496195434523   \n",
       "6        en       bioclin-bert    0.8227504683160003   0.47047472018525666   \n",
       "8        en     biomed-roberta    0.7403872375238615   0.39593908629441626   \n",
       "2        en       cambridgeltl    0.4465632858340319   0.17417135709818637   \n",
       "10       en            dilbert    0.8654856157403779     0.569493226292022   \n",
       "0        en        pubmed-bert    0.8850187552629565    0.5846238938053098   \n",
       "4        en   xlm-roberta-base    0.8182103939647947     0.212437585111212   \n",
       "2        es            bert-es     0.658869847151459   0.32626924836103066   \n",
       "0        es       cambridgeltl   0.08258096579143544   0.15243342516069788   \n",
       "4        es   xlm-roberta-base   0.40437339517932575   0.18013909474404285   \n",
       "0        fi            bert-fi    0.6735543119529345   0.30300245098039214   \n",
       "4        fi       cambridgeltl   0.08853529171766626   0.16266866566716642   \n",
       "2        fi   xlm-roberta-base    0.2593227254181967   0.17384181305178847   \n",
       "\n",
       "                  Recall             Precision                 PR-ACU  \\\n",
       "12    0.7332982640715413   0.17237541733646594   0.16902580714752757    \n",
       "6     0.5609756097560976    0.4051179793951479    0.3806277828828739    \n",
       "8     0.6842105263157895    0.2785714285714286   0.26363957007273386    \n",
       "2     0.5778008298755186   0.10254050073637702   0.10790235876468883    \n",
       "10    0.5859576664945793    0.5539287457296243    0.4602781381509875    \n",
       "0     0.5679742074153681    0.6022792022792023    0.5972286285680455    \n",
       "4    0.24273858921161826   0.18886198547215496   0.15879117383036168    \n",
       "2     0.6540342298288508   0.21734714604915703   0.25796273372199585    \n",
       "0     0.9979959919839679   0.08251864125932062   0.08316393222554751    \n",
       "4     0.7915831663326653   0.10163386080020584   0.10565083676165751    \n",
       "0     0.5603399433427763    0.2076422422842746   0.18477289679272124    \n",
       "4                    1.0   0.08853529171766626   0.07742880810145686    \n",
       "2      0.880184331797235   0.09644516259341547    0.0886232775400939    \n",
       "\n",
       "                 ROC-AUC  \n",
       "12    0.6478152043024915  \n",
       "6     0.8009535593467441  \n",
       "8     0.7630152629461773  \n",
       "2     0.5057523044037566  \n",
       "10    0.7550727061398947  \n",
       "0     0.8573252444653461  \n",
       "4     0.6531464904390215  \n",
       "2     0.7181523222199226  \n",
       "0    0.48707279118055524  \n",
       "4     0.5880403244412075  \n",
       "0     0.6735464568988768  \n",
       "4    0.44436117150530763  \n",
       "2      0.524601405179278  "
      ]
     },
     "metadata": {},
     "output_type": "display_data"
    }
   ],
   "source": [
    "df = pandas.concat([df_en, df_fi, df_es])\n",
    "\n",
    "df.drop_duplicates(inplace=True)\n",
    "df = df[df.Language!=\"Language\"]\n",
    "display(df)\n",
    "print(df.columns)\n",
    "df = df.rename(columns={\" model\":\"Model\"})\n",
    "df = df.rename(columns={k:k.replace(\" \", \"\") for k in df.columns.to_list()})\n",
    "df.sort_values(by=[\"Language\", \"Model\"], ascending=True, inplace=True)\n",
    "display(df)\n",
    "\n",
    "\n"
   ]
  },
  {
   "cell_type": "code",
   "execution_count": 71,
   "metadata": {},
   "outputs": [
    {
     "name": "stderr",
     "output_type": "stream",
     "text": [
      "/tmp/mynttiam/4566915/ipykernel_544222/327795714.py:1: FutureWarning: DataFrame.applymap has been deprecated. Use DataFrame.map instead.\n",
      "  df=df.applymap(lambda x : pandas.to_numeric(x,errors='ignore'))\n",
      "/tmp/mynttiam/4566915/ipykernel_544222/327795714.py:1: FutureWarning: errors='ignore' is deprecated and will raise in a future version. Use to_numeric without passing `errors` and catch exceptions explicitly instead\n",
      "  df=df.applymap(lambda x : pandas.to_numeric(x,errors='ignore'))\n"
     ]
    },
    {
     "data": {
      "text/html": [
       "<div>\n",
       "<style scoped>\n",
       "    .dataframe tbody tr th:only-of-type {\n",
       "        vertical-align: middle;\n",
       "    }\n",
       "\n",
       "    .dataframe tbody tr th {\n",
       "        vertical-align: top;\n",
       "    }\n",
       "\n",
       "    .dataframe thead th {\n",
       "        text-align: right;\n",
       "    }\n",
       "</style>\n",
       "<table border=\"1\" class=\"dataframe\">\n",
       "  <thead>\n",
       "    <tr style=\"text-align: right;\">\n",
       "      <th></th>\n",
       "      <th>Language</th>\n",
       "      <th>Model</th>\n",
       "      <th>Accuracy</th>\n",
       "      <th>F1</th>\n",
       "      <th>Recall</th>\n",
       "      <th>Precision</th>\n",
       "      <th>PR-ACU</th>\n",
       "      <th>ROC-AUC</th>\n",
       "    </tr>\n",
       "  </thead>\n",
       "  <tbody>\n",
       "    <tr>\n",
       "      <th>12</th>\n",
       "      <td>en</td>\n",
       "      <td>bert-en</td>\n",
       "      <td>0.528</td>\n",
       "      <td>0.279</td>\n",
       "      <td>0.733</td>\n",
       "      <td>0.172</td>\n",
       "      <td>0.169</td>\n",
       "      <td>0.648</td>\n",
       "    </tr>\n",
       "    <tr>\n",
       "      <th>6</th>\n",
       "      <td>en</td>\n",
       "      <td>bioclin-bert</td>\n",
       "      <td>0.823</td>\n",
       "      <td>0.470</td>\n",
       "      <td>0.561</td>\n",
       "      <td>0.405</td>\n",
       "      <td>0.381</td>\n",
       "      <td>0.801</td>\n",
       "    </tr>\n",
       "    <tr>\n",
       "      <th>8</th>\n",
       "      <td>en</td>\n",
       "      <td>biomed-roberta</td>\n",
       "      <td>0.740</td>\n",
       "      <td>0.396</td>\n",
       "      <td>0.684</td>\n",
       "      <td>0.279</td>\n",
       "      <td>0.264</td>\n",
       "      <td>0.763</td>\n",
       "    </tr>\n",
       "    <tr>\n",
       "      <th>2</th>\n",
       "      <td>en</td>\n",
       "      <td>cambridgeltl</td>\n",
       "      <td>0.447</td>\n",
       "      <td>0.174</td>\n",
       "      <td>0.578</td>\n",
       "      <td>0.103</td>\n",
       "      <td>0.108</td>\n",
       "      <td>0.506</td>\n",
       "    </tr>\n",
       "    <tr>\n",
       "      <th>10</th>\n",
       "      <td>en</td>\n",
       "      <td>dilbert</td>\n",
       "      <td>0.865</td>\n",
       "      <td>0.569</td>\n",
       "      <td>0.586</td>\n",
       "      <td>0.554</td>\n",
       "      <td>0.460</td>\n",
       "      <td>0.755</td>\n",
       "    </tr>\n",
       "    <tr>\n",
       "      <th>0</th>\n",
       "      <td>en</td>\n",
       "      <td>pubmed-bert</td>\n",
       "      <td>0.885</td>\n",
       "      <td>0.585</td>\n",
       "      <td>0.568</td>\n",
       "      <td>0.602</td>\n",
       "      <td>0.597</td>\n",
       "      <td>0.857</td>\n",
       "    </tr>\n",
       "    <tr>\n",
       "      <th>4</th>\n",
       "      <td>en</td>\n",
       "      <td>xlm-roberta-base</td>\n",
       "      <td>0.818</td>\n",
       "      <td>0.212</td>\n",
       "      <td>0.243</td>\n",
       "      <td>0.189</td>\n",
       "      <td>0.159</td>\n",
       "      <td>0.653</td>\n",
       "    </tr>\n",
       "    <tr>\n",
       "      <th>2</th>\n",
       "      <td>es</td>\n",
       "      <td>bert-es</td>\n",
       "      <td>0.659</td>\n",
       "      <td>0.326</td>\n",
       "      <td>0.654</td>\n",
       "      <td>0.217</td>\n",
       "      <td>0.258</td>\n",
       "      <td>0.718</td>\n",
       "    </tr>\n",
       "    <tr>\n",
       "      <th>0</th>\n",
       "      <td>es</td>\n",
       "      <td>cambridgeltl</td>\n",
       "      <td>0.083</td>\n",
       "      <td>0.152</td>\n",
       "      <td>0.998</td>\n",
       "      <td>0.083</td>\n",
       "      <td>0.083</td>\n",
       "      <td>0.487</td>\n",
       "    </tr>\n",
       "    <tr>\n",
       "      <th>4</th>\n",
       "      <td>es</td>\n",
       "      <td>xlm-roberta-base</td>\n",
       "      <td>0.404</td>\n",
       "      <td>0.180</td>\n",
       "      <td>0.792</td>\n",
       "      <td>0.102</td>\n",
       "      <td>0.106</td>\n",
       "      <td>0.588</td>\n",
       "    </tr>\n",
       "    <tr>\n",
       "      <th>0</th>\n",
       "      <td>fi</td>\n",
       "      <td>bert-fi</td>\n",
       "      <td>0.674</td>\n",
       "      <td>0.303</td>\n",
       "      <td>0.560</td>\n",
       "      <td>0.208</td>\n",
       "      <td>0.185</td>\n",
       "      <td>0.674</td>\n",
       "    </tr>\n",
       "    <tr>\n",
       "      <th>4</th>\n",
       "      <td>fi</td>\n",
       "      <td>cambridgeltl</td>\n",
       "      <td>0.089</td>\n",
       "      <td>0.163</td>\n",
       "      <td>1.000</td>\n",
       "      <td>0.089</td>\n",
       "      <td>0.077</td>\n",
       "      <td>0.444</td>\n",
       "    </tr>\n",
       "    <tr>\n",
       "      <th>2</th>\n",
       "      <td>fi</td>\n",
       "      <td>xlm-roberta-base</td>\n",
       "      <td>0.259</td>\n",
       "      <td>0.174</td>\n",
       "      <td>0.880</td>\n",
       "      <td>0.096</td>\n",
       "      <td>0.089</td>\n",
       "      <td>0.525</td>\n",
       "    </tr>\n",
       "  </tbody>\n",
       "</table>\n",
       "</div>"
      ],
      "text/plain": [
       "   Language              Model  Accuracy     F1  Recall  Precision  PR-ACU  \\\n",
       "12       en            bert-en     0.528  0.279   0.733      0.172   0.169   \n",
       "6        en       bioclin-bert     0.823  0.470   0.561      0.405   0.381   \n",
       "8        en     biomed-roberta     0.740  0.396   0.684      0.279   0.264   \n",
       "2        en       cambridgeltl     0.447  0.174   0.578      0.103   0.108   \n",
       "10       en            dilbert     0.865  0.569   0.586      0.554   0.460   \n",
       "0        en        pubmed-bert     0.885  0.585   0.568      0.602   0.597   \n",
       "4        en   xlm-roberta-base     0.818  0.212   0.243      0.189   0.159   \n",
       "2        es            bert-es     0.659  0.326   0.654      0.217   0.258   \n",
       "0        es       cambridgeltl     0.083  0.152   0.998      0.083   0.083   \n",
       "4        es   xlm-roberta-base     0.404  0.180   0.792      0.102   0.106   \n",
       "0        fi            bert-fi     0.674  0.303   0.560      0.208   0.185   \n",
       "4        fi       cambridgeltl     0.089  0.163   1.000      0.089   0.077   \n",
       "2        fi   xlm-roberta-base     0.259  0.174   0.880      0.096   0.089   \n",
       "\n",
       "    ROC-AUC  \n",
       "12    0.648  \n",
       "6     0.801  \n",
       "8     0.763  \n",
       "2     0.506  \n",
       "10    0.755  \n",
       "0     0.857  \n",
       "4     0.653  \n",
       "2     0.718  \n",
       "0     0.487  \n",
       "4     0.588  \n",
       "0     0.674  \n",
       "4     0.444  \n",
       "2     0.525  "
      ]
     },
     "metadata": {},
     "output_type": "display_data"
    }
   ],
   "source": [
    "df=df.applymap(lambda x : pandas.to_numeric(x,errors='ignore'))\n",
    "df = df.round(decimals=3)\n",
    "display(df)"
   ]
  },
  {
   "cell_type": "code",
   "execution_count": 74,
   "metadata": {},
   "outputs": [
    {
     "name": "stdout",
     "output_type": "stream",
     "text": [
      "\\begin{tabular}{lllrrrrrr}\n",
      "\\toprule\n",
      " & Language & Model & Accuracy & F1 & Recall & Precision & PR-ACU & ROC-AUC \\\\\n",
      "\\midrule\n",
      "12 & en &  bert-en & 0.528 & 0.279 & 0.733 & 0.172 & 0.169 & 0.648 \\\\\n",
      "6 & en &  bioclin-bert & 0.823 & 0.470 & 0.561 & 0.405 & 0.381 & 0.801 \\\\\n",
      "8 & en &  biomed-roberta & 0.740 & 0.396 & 0.684 & 0.279 & 0.264 & 0.763 \\\\\n",
      "2 & en &  cambridgeltl & 0.447 & 0.174 & 0.578 & 0.103 & 0.108 & 0.506 \\\\\n",
      "10 & en &  dilbert & 0.865 & 0.569 & 0.586 & 0.554 & 0.460 & 0.755 \\\\\n",
      "0 & en &  pubmed-bert & 0.885 & 0.585 & 0.568 & 0.602 & 0.597 & 0.857 \\\\\n",
      "4 & en &  xlm-roberta-base & 0.818 & 0.212 & 0.243 & 0.189 & 0.159 & 0.653 \\\\\n",
      "2 & es &  bert-es & 0.659 & 0.326 & 0.654 & 0.217 & 0.258 & 0.718 \\\\\n",
      "0 & es &  cambridgeltl & 0.083 & 0.152 & 0.998 & 0.083 & 0.083 & 0.487 \\\\\n",
      "4 & es &  xlm-roberta-base & 0.404 & 0.180 & 0.792 & 0.102 & 0.106 & 0.588 \\\\\n",
      "0 & fi &  bert-fi & 0.674 & 0.303 & 0.560 & 0.208 & 0.185 & 0.674 \\\\\n",
      "4 & fi &  cambridgeltl & 0.089 & 0.163 & 1.000 & 0.089 & 0.077 & 0.444 \\\\\n",
      "2 & fi &  xlm-roberta-base & 0.259 & 0.174 & 0.880 & 0.096 & 0.089 & 0.525 \\\\\n",
      "\\bottomrule\n",
      "\\end{tabular}\n",
      "\n"
     ]
    }
   ],
   "source": [
    "print(df.to_latex(float_format=\"%.3f\"))"
   ]
  },
  {
   "cell_type": "code",
   "execution_count": 76,
   "metadata": {},
   "outputs": [],
   "source": [
    "import glob"
   ]
  },
  {
   "cell_type": "code",
   "execution_count": 77,
   "metadata": {},
   "outputs": [
    {
     "name": "stdout",
     "output_type": "stream",
     "text": [
      "['results/fi/dev/fi-cambridgeltl.txt', 'results/fi/dev/fi-xlm-roberta-base.txt', 'results/fi/dev/fi-bert-fi.txt', 'results/es/dev/es-cambridgeltl.txt', 'results/es/dev/es-xlm-roberta-base.txt', 'results/es/dev/es-bert-es.txt', 'results/en/dev/en-cambridgeltl.txt', 'results/en/dev/en-bioclin-bert.txt', 'results/en/dev/en-biomed-roberta.txt', 'results/en/dev/en-xlm-roberta-base.txt', 'results/en/dev/en-dilbert.txt', 'results/en/dev/en-pubmed-bert.txt', 'results/en/dev/en-bert-en.txt']\n"
     ]
    }
   ],
   "source": [
    "files = glob.glob('results/*/dev/*.txt')\n",
    "print(files)"
   ]
  },
  {
   "cell_type": "code",
   "execution_count": 85,
   "metadata": {},
   "outputs": [
    {
     "name": "stdout",
     "output_type": "stream",
     "text": [
      "{'Language': ['fi', 'fi', 'fi', 'es', 'es', 'es', 'en', 'en', 'en', 'en', 'en', 'en', 'en'], 'Model': ['cambridgeltl', 'xlm-roberta-base', 'bert-fi', 'cambridgeltl', 'xlm-roberta-base', 'bert-es', 'cambridgeltl', 'bioclin-bert', 'biomed-roberta', 'xlm-roberta-base', 'dilbert', 'pubmed-bert', 'bert-en'], 'Threshold': [1.0, 0.1570290124729377, 4.552935074866948e-05, 4.397603609302721e-06, 0.036543830709572546, 2.5529080682395163e-07, 1.8041864093920681e-12, 9.658832241158709e-09, 0.039171014908092584, 9.221978823334322e-08, 7.57525025877192e-07, 0.00017027691722259014, 0.002833096101839324]}\n"
     ]
    }
   ],
   "source": [
    "data = {\"Language\":[], \"Model\":[], \"Threshold\":[]}\n",
    "for f in files:\n",
    "    with open(f, \"r\") as f_:\n",
    "        z, th = f_.readline().split(\": \")\n",
    "        assert z == \"best F1 th\"\n",
    "        th = float(th)\n",
    "        langmod = f.split(\"/\")[-1].replace(\".txt\", \"\")\n",
    "        lang, mod = langmod.split(\"-\", 1)\n",
    "        data[\"Language\"].append(lang)\n",
    "        data[\"Model\"].append(mod)\n",
    "        data[\"Threshold\"].append(th)\n",
    "print(data)"
   ]
  },
  {
   "cell_type": "code",
   "execution_count": 86,
   "metadata": {},
   "outputs": [],
   "source": [
    "df2 = pandas.DataFrame.from_dict(data)"
   ]
  },
  {
   "cell_type": "code",
   "execution_count": 89,
   "metadata": {},
   "outputs": [],
   "source": [
    "df2.sort_values(by=[\"Language\", \"Model\"], ascending=True, inplace=True)"
   ]
  },
  {
   "cell_type": "code",
   "execution_count": 94,
   "metadata": {},
   "outputs": [
    {
     "name": "stdout",
     "output_type": "stream",
     "text": [
      "\\begin{tabular}{lllr}\n",
      "\\toprule\n",
      " & Language & Model & Threshold \\\\\n",
      "\\midrule\n",
      "12 & en & bert-en & 0.0028331 \\\\\n",
      "7 & en & bioclin-bert & 9.6588e-09 \\\\\n",
      "8 & en & biomed-roberta & 0.039171 \\\\\n",
      "6 & en & cambridgeltl & 1.8042e-12 \\\\\n",
      "10 & en & dilbert & 7.5753e-07 \\\\\n",
      "11 & en & pubmed-bert & 0.00017028 \\\\\n",
      "9 & en & xlm-roberta-base & 9.222e-08 \\\\\n",
      "5 & es & bert-es & 2.5529e-07 \\\\\n",
      "3 & es & cambridgeltl & 4.3976e-06 \\\\\n",
      "4 & es & xlm-roberta-base & 0.036544 \\\\\n",
      "2 & fi & bert-fi & 4.5529e-05 \\\\\n",
      "0 & fi & cambridgeltl & 1 \\\\\n",
      "1 & fi & xlm-roberta-base & 0.15703 \\\\\n",
      "\\bottomrule\n",
      "\\end{tabular}\n",
      "\n"
     ]
    }
   ],
   "source": [
    "print(df2.to_latex(float_format=\"%.5g\"))"
   ]
  },
  {
   "cell_type": "code",
   "execution_count": null,
   "metadata": {},
   "outputs": [],
   "source": []
  }
 ],
 "metadata": {
  "kernelspec": {
   "display_name": "Python 3",
   "language": "python",
   "name": "python3"
  },
  "language_info": {
   "codemirror_mode": {
    "name": "ipython",
    "version": 3
   },
   "file_extension": ".py",
   "mimetype": "text/x-python",
   "name": "python",
   "nbconvert_exporter": "python",
   "pygments_lexer": "ipython3",
   "version": "3.12.8"
  },
  "orig_nbformat": 4
 },
 "nbformat": 4,
 "nbformat_minor": 2
}
